1740668440970 1.0 215
1740668442732 1.0 215
1740668482217 2.0 430
1740668483976 2.0 430
1740668523328 3.0 645
1740668525047 3.0 645
1740668587545 1.0 215
1740668589259 1.0 215
1740668627598 2.0 430
1740668629326 2.0 430
1740668667498 3.0 645
1740668669218 3.0 645
1740668707848 4.0 860
1740668709580 4.0 860
1740668748061 5.0 1075
1740668749807 5.0 1075
1740668749804 5.0 1075
1740668816890 1.0 215
1740668818671 1.0 215
1740668860145 2.0 430
1740668861943 2.0 430
1740668902241 3.0 645
1740668904107 3.0 645
1740668945063 4.0 860
1740668946861 4.0 860
1740668986934 5.0 1075
1740668988690 5.0 1075
1740669029896 6.0 1290
1740669031725 6.0 1290
1740669073303 7.0 1505
1740669075169 7.0 1505
1740669114059 8.0 1720
1740669115916 8.0 1720
1740669156562 9.0 1935
1740669158401 9.0 1935
1740669199768 10.0 2150
1740669201582 10.0 2150
1740669201578 10.0 2150
