1740668440970 3.6959919929504395 215
1740668482217 8.078879356384277 430
1740668523328 4.097459316253662 645
1740668587545 1.1817060708999634 215
1740668627598 4.83509635925293 430
1740668667498 2.5834720134735107 645
1740668707848 2.657750368118286 860
1740668748061 2.232785224914551 1075
1740668816890 2.184089422225952 215
1740668860145 4.186347484588623 430
1740668902241 2.588989019393921 645
1740668945063 3.244798421859741 860
1740668986934 2.2729880809783936 1075
1740669029896 2.443718194961548 1290
1740669073303 3.229954481124878 1505
1740669114059 2.0471444129943848 1720
1740669156562 1.6825200319290161 1935
1740669199768 1.5590603351593018 2150
