1739105965848 1.0 215
1739105969075 1.0 215
1739106039613 2.0 430
1739106042807 2.0 430
1739106114027 3.0 645
1739106117312 3.0 645
1739106190352 4.0 860
1739106193396 4.0 860
1739106265515 5.0 1075
1739106268657 5.0 1075
1739106339968 6.0 1290
1739106343171 6.0 1290
1739106411772 7.0 1505
1739106414942 7.0 1505
1739106486994 8.0 1720
1739106490409 8.0 1720
1739106565851 9.0 1935
1739106569214 9.0 1935
1739106644420 10.0 2150
1739106647863 10.0 2150
1739106721133 11.0 2365
1739106724415 11.0 2365
1739106799038 12.0 2580
1739106802227 12.0 2580
1739106873329 13.0 2795
1739106876335 13.0 2795
1739106942891 14.0 3010
1739106945901 14.0 3010
1739107012567 15.0 3225
1739107015564 15.0 3225
1739107080641 16.0 3440
1739107083739 16.0 3440
1739107154522 17.0 3655
1739107157792 17.0 3655
1739107228738 18.0 3870
1739107231903 18.0 3870
1739107302693 19.0 4085
1739107305960 19.0 4085
1739107376130 20.0 4300
1739107379249 20.0 4300
1739107381084 20.0 4300
