1739105965848 3.561561107635498 215
1739106039613 14.319063186645508 430
1739106114027 3.7093212604522705 645
1739106190352 1.8975253105163574 860
1739106265515 6.345033168792725 1075
1739106339968 6.8062825202941895 1290
1739106411772 4.572272777557373 1505
1739106486994 1.9747974872589111 1720
1739106565851 2.8539483547210693 1935
1739106644420 1.8943028450012207 2150
1739106721133 5.368785381317139 2365
1739106799038 2.928581714630127 2580
1739106873329 0.9154474139213562 2795
1739106942891 4.174886703491211 3010
1739107012567 2.327623128890991 3225
1739107080641 1.5125283002853394 3440
1739107154522 1.206466794013977 3655
1739107228738 1.4487309455871582 3870
1739107302693 1.0656176805496216 4085
1739107376130 1.4525856971740723 4300
