1739105965848 1.9e-05 215
1739106039613 1.8e-05 430
1739106114027 1.7e-05 645
1739106190352 1.6000000000000003e-05 860
1739106265515 1.5000000000000002e-05 1075
1739106339968 1.4e-05 1290
1739106411772 1.3000000000000001e-05 1505
1739106486994 1.2e-05 1720
1739106565851 1.1000000000000001e-05 1935
1739106644420 1e-05 2150
1739106721133 9e-06 2365
1739106799038 8.000000000000001e-06 2580
1739106873329 7e-06 2795
1739106942891 6e-06 3010
1739107012567 5e-06 3225
1739107080641 4.000000000000001e-06 3440
1739107154522 3e-06 3655
1739107228738 2.0000000000000003e-06 3870
1739107302693 1.0000000000000002e-06 4085
1739107376130 0.0 4300
