1739105965848 0.5045 215
1739106039613 0.4407 430
1739106114027 0.392 645
1739106190352 0.34 860
1739106265515 0.2913 1075
1739106339968 0.2584 1290
1739106411772 0.2306 1505
1739106486994 0.2066 1720
1739106565851 0.1938 1935
1739106644420 0.1776 2150
1739106721133 0.1646 2365
1739106799038 0.1558 2580
1739106873329 0.1484 2795
1739106942891 0.1415 3010
1739107012567 0.1356 3225
1739107080641 0.1297 3440
1739107154522 0.1262 3655
1739107228738 0.1226 3870
1739107302693 0.1207 4085
1739107376130 0.118 4300
