1741109265783 1.0 215
1741109268360 1.0 215
1741109289739 2.0 430
1741109292295 2.0 430
1741109313475 3.0 645
1741109316033 3.0 645
1741109316030 3.0 645
1741109376974 1.0 215
1741109379520 1.0 215
1741109400919 2.0 430
1741109403474 2.0 430
1741109424691 3.0 645
1741109427265 3.0 645
1741109427262 3.0 645
1741109466679 1.0 215
1741109469501 1.0 215
1741109493326 2.0 430
1741109495892 2.0 430
1741109495889 2.0 430
1741109876609 1.0 215
1741109898508 1.0 215
1741110211305 2.0 430
1741110231863 2.0 430
1741110526259 3.0 645
1741110546813 3.0 645
1741110851144 4.0 860
1741110871740 4.0 860
1741110871737 4.0 860
