1742385389147 0.41841004184100417 200
1742385534191 0.8368200836820083 400
1742385819904 1.0 478
1742385914263 1.2552301255230125 600
1742386064249 1.6736401673640167 800
1742386409996 2.0 956
1742386446979 2.092050209205021 1000
1742386516102 2.510460251046025 1200
1742386583564 2.928870292887029 1400
1742386644525 3.0 1434
1742386708413 3.3472803347280333 1600
1742386780022 3.7656903765690375 1800
1742386863384 4.0 1912
1742386898918 4.184100418410042 2000
1742386966159 4.602510460251046 2200
1742387082207 5.0 2390
1742387087846 5.0 2390
