1739033880749 1.0 215
1739033922901 2.0 430
1739033937098 2.3255813953488373 500
1739033964929 3.0 645
1739034008534 4.0 860
1739034035647 4.651162790697675 1000
1739034050762 5.0 1075
1739034093095 6.0 1290
1739034132193 6.976744186046512 1500
1739034134855 7.0 1505
1739034176947 8.0 1720
1739034219133 9.0 1935
1739034232381 9.30232558139535 2000
1739034260896 10.0 2150
1739034302453 11.0 2365
1739034328687 11.627906976744185 2500
1739034344779 12.0 2580
1739034388046 13.0 2795
1739034429422 13.953488372093023 3000
1739034433300 14.0 3010
1739034477770 15.0 3225
1739034520192 16.0 3440
1739034533614 16.27906976744186 3500
1739034563776 17.0 3655
1739034606038 18.0 3870
1739034631469 18.6046511627907 4000
1739034649241 19.0 4085
1739034692750 20.0 4300
1739034694665 20.0 4300
