1741103776699 1.0 192
1741103780563 1.0 192
1741103817878 2.0 384
1741103821671 2.0 384
1741103858006 3.0 576
1741103861659 3.0 576
1741103897719 4.0 768
1741103901350 4.0 768
1741103901346 4.0 768
1741103904949 4.0 768
1741103942317 1.0 192
1741103945952 1.0 192
1741103983395 2.0 384
1741103987201 2.0 384
1741104024131 3.0 576
1741104027803 3.0 576
1741104064817 4.0 768
1741104068530 4.0 768
1741104068525 4.0 768
1741104072219 4.0 768
1741104110737 1.0 192
1741104114154 1.0 192
1741104150428 2.0 384
1741104153980 2.0 384
1741104189568 3.0 576
1741104193061 3.0 576
1741104228890 4.0 768
1741104232305 4.0 768
1741104232301 4.0 768
1741104235710 4.0 768
1741104273480 1.0 192
1741104277203 1.0 192
1741104314606 2.0 384
1741104318884 2.0 384
1741104355286 3.0 576
1741104358825 3.0 576
