1741103776699 3.1360208988189697 192
1741103817878 7.863325119018555 384
1741103858006 7.470770359039307 576
1741103897719 5.177099227905273 768
1741103942317 4.861037731170654 192
1741103983395 8.8961763381958 384
1741104024131 8.029540061950684 576
1741104064817 4.230758190155029 768
1741104110737 3.370450735092163 192
1741104150428 8.962950706481934 384
1741104189568 3.9479026794433594 576
1741104228890 4.076809406280518 768
1741104273480 4.359330654144287 192
1741104314606 7.454070568084717 384
1741104355286 5.202212333679199 576
