1739038488134 0.9302325581395349 200
1739038492965 1.0 215
1739038527995 1.8604651162790697 400
1739038535577 2.0 430
1739038568088 2.7906976744186047 600
1739038578460 3.0 645
1739038610887 3.7209302325581395 800
1739038625497 4.0 860
1739038653069 4.651162790697675 1000
1739038669643 5.0 1075
1739038693853 5.5813953488372094 1200
1739038712322 6.0 1290
1739038734207 6.511627906976744 1400
1739038755550 7.0 1505
1739038774962 7.441860465116279 1600
1739038799822 8.0 1720
1739038816865 8.372093023255815 1800
1739038843441 9.0 1935
1739038856773 9.30232558139535 2000
1739038888471 10.0 2150
1739038899821 10.232558139534884 2200
1739038931272 11.0 2365
1739038939497 11.162790697674419 2400
1739038974887 12.0 2580
1739038980454 12.093023255813954 2600
1739039018306 13.0 2795
1739039021177 13.023255813953488 2800
1739039057464 13.953488372093023 3000
1739039061432 14.0 3010
1739039098120 14.883720930232558 3200
1739039104956 15.0 3225
1739039138691 15.813953488372093 3400
1739039147963 16.0 3440
1739039179365 16.74418604651163 3600
1739039191469 17.0 3655
1739039218893 17.674418604651162 3800
1739039233375 18.0 3870
1739039259036 18.6046511627907 4000
1739039277289 19.0 4085
1739039301284 19.53488372093023 4200
1739039323883 20.0 4300
1739039325909 20.0 4300
