1739038488134 1.9089604616165161 200
1739038527995 1.5817667245864868 400
1739038568088 1.7138713598251343 600
1739038610887 4.344099044799805 800
1739038653069 2.3985373973846436 1000
1739038693853 6.702117443084717 1200
1739038734207 3.495440721511841 1400
1739038774962 7.308980464935303 1600
1739038816865 2.687605381011963 1800
1739038856773 9.626134872436523 2000
1739038899821 10.307720184326172 2200
1739038939497 4.233724117279053 2400
1739038980454 3.536109685897827 2600
1739039021177 2.109433889389038 2800
1739039057464 2.9351418018341064 3000
1739039098120 2.286944627761841 3200
1739039138691 6.8282790184021 3400
1739039179365 4.280332088470459 3600
1739039218893 4.215447425842285 3800
1739039259036 2.983135461807251 4000
1739039301284 4.774744510650635 4200
