1739038488134 1.9069767441860468e-05 200
1739038527995 1.813953488372093e-05 400
1739038568088 1.7209302325581396e-05 600
1739038610887 1.6279069767441862e-05 800
1739038653069 1.5348837209302328e-05 1000
1739038693853 1.441860465116279e-05 1200
1739038734207 1.3488372093023257e-05 1400
1739038774962 1.2558139534883723e-05 1600
1739038816865 1.1627906976744187e-05 1800
1739038856773 1.0697674418604651e-05 2000
1739038899821 9.767441860465117e-06 2200
1739038939497 8.837209302325582e-06 2400
1739038980454 7.906976744186048e-06 2600
1739039021177 6.976744186046513e-06 2800
1739039057464 6.046511627906977e-06 3000
1739039098120 5.116279069767442e-06 3200
1739039138691 4.186046511627907e-06 3400
1739039179365 3.2558139534883724e-06 3600
1739039218893 2.3255813953488376e-06 3800
1739039259036 1.3953488372093025e-06 4000
1739039301284 4.651162790697675e-07 4200
