1739038488134 0.4964 200
1739038527995 0.446 400
1739038568088 0.4104 600
1739038610887 0.3748 800
1739038653069 0.3448 1000
1739038693853 0.3058 1200
1739038734207 0.2851 1400
1739038774962 0.2576 1600
1739038816865 0.2375 1800
1739038856773 0.2202 2000
1739038899821 0.2029 2200
1739038939497 0.1916 2400
1739038980454 0.183 2600
1739039021177 0.1704 2800
1739039057464 0.1608 3000
1739039098120 0.1546 3200
1739039138691 0.1515 3400
1739039179365 0.1452 3600
1739039218893 0.1395 3800
1739039259036 0.1418 4000
1739039301284 0.1348 4200
